3 0.2890625 0.19873046875 0.048828125 0.0439453125
3 0.104248046875 0.173828125 0.03271484375 0.037109375
3 0.076171875 0.1748046875 0.0302734375 0.056640625
3 0.187744140625 0.23974609375 0.03662109375 0.0302734375
3 0.197509765625 0.21923828125 0.02392578125 0.0283203125
3 0.17431640625 0.22021484375 0.02734375 0.0341796875
3 0.3798828125 0.25830078125 0.0302734375 0.0283203125
3 0.25732421875 0.25048828125 0.017578125 0.0263671875
3 0.240478515625 0.2548828125 0.02490234375 0.0390625
3 0.304443359375 0.2841796875 0.02685546875 0.037109375
3 0.36572265625 0.31005859375 0.021484375 0.0283203125
3 0.42919921875 0.29931640625 0.029296875 0.0283203125
3 0.30224609375 0.27001953125 0.0185546875 0.0341796875
3 0.287353515625 0.2734375 0.02490234375 0.037109375