3 0.07421875 0.1625 0.08385416666666666 0.025
3 0.8375 0.27870370370370373 0.028125 0.022222222222222223
3 0.8140625 0.08148148148148149 0.0375 0.08333333333333333
3 0.41822916666666665 0.2796296296296296 0.041666666666666664 0.024074074074074074
3 0.3880208333333333 0.18287037037037038 0.03958333333333333 0.03796296296296296
3 0.21276041666666667 0.22824074074074074 0.028645833333333332 0.028703703703703703
3 0.23723958333333334 0.29259259259259257 0.0296875 0.018518518518518517
3 0.12317708333333334 0.2625 0.0234375 0.023148148148148147
3 0.14322916666666666 0.2949074074074074 0.023958333333333335 0.013888888888888888
3 0.0875 0.3060185185185185 0.020833333333333332 0.012037037037037037
3 0.07135416666666666 0.2810185185185185 0.017708333333333333 0.017592592592592594