3 0.051041666666666666 0.25046296296296294 0.08229166666666667 0.023148148148148147
3 0.8216145833333334 0.3421296296296296 0.03697916666666667 0.023148148148148147
3 0.8010416666666667 0.07037037037037037 0.034375 0.07777777777777778
3 0.6153645833333333 0.09259259259259259 0.1703125 0.05555555555555555
3 0.4078125 0.33194444444444443 0.04375 0.030555555555555555
3 0.37734375 0.1824074074074074 0.043229166666666666 0.044444444444444446
3 0.228125 0.32314814814814813 0.030208333333333334 0.016666666666666666
3 0.20598958333333334 0.2388888888888889 0.030729166666666665 0.02962962962962963
3 0.11770833333333333 0.2689814814814815 0.025 0.021296296296296296
3 0.13776041666666666 0.3194444444444444 0.022395833333333334 0.011111111111111112
3 0.06614583333333333 0.2875 0.017708333333333333 0.017592592592592594
3 0.08125 0.324537037037037 0.021875 0.010185185185185186
3 0.03177083333333333 0.30185185185185187 0.016666666666666666 0.014814814814814815
3 0.04479166666666667 0.32314814814814813 0.017708333333333333 0.012962962962962963
3 0.019010416666666665 0.3277777777777778 0.0171875 0.009259259259259259