3 0.0796875 0.28425925925925927 0.042708333333333334 0.03333333333333333
3 0.11848958333333333 0.287962962962963 0.044270833333333336 0.025925925925925925
3 0.06171875 0.38842592592592595 0.025520833333333333 0.021296296296296296
3 0.08489583333333334 0.3925925925925926 0.027083333333333334 0.016666666666666666
3 0.05182291666666667 0.4324074074074074 0.0171875 0.012962962962962963
3 0.06744791666666666 0.4337962962962963 0.018229166666666668 0.010185185185185186
3 0.05651041666666667 0.4583333333333333 0.015104166666666667 0.009259259259259259
3 0.044270833333333336 0.45740740740740743 0.013541666666666667 0.011111111111111112
3 0.03984375 0.475462962962963 0.0109375 0.008333333333333333
3 0.05026041666666667 0.47638888888888886 0.013020833333333334 0.006481481481481481
3 0.0359375 0.487962962962963 0.007291666666666667 0.003703703703703704