3 0.5135416666666667 0.16296296296296298 0.042708333333333334 0.053703703703703705
3 0.54921875 0.21342592592592594 0.03697916666666667 0.023148148148148147
3 0.30833333333333335 0.2662037037037037 0.03229166666666667 0.019444444444444445
3 0.2791666666666667 0.22407407407407406 0.036458333333333336 0.03148148148148148
3 0.19010416666666666 0.3074074074074074 0.027083333333333334 0.016666666666666666
3 0.16875 0.2550925925925926 0.025 0.023148148148148147
3 0.0859375 0.10972222222222222 0.065625 0.017592592592592594
3 0.029947916666666668 0.028703703703703703 0.058854166666666666 0.04814814814814815
3 0.10677083333333333 0.2763888888888889 0.022916666666666665 0.019444444444444445
3 0.1234375 0.32685185185185184 0.020833333333333332 0.014814814814814815
3 0.07994791666666666 0.3435185185185185 0.0171875 0.012962962962962963
3 0.06744791666666666 0.2884259259259259 0.018229166666666668 0.019444444444444445
3 0.04973958333333333 0.35509259259259257 0.019270833333333334 0.012037037037037037
3 0.01640625 0.30925925925925923 0.022395833333333334 0.022222222222222223
3 0.03046875 0.3611111111111111 0.015104166666666667 0.011111111111111112
3 0.0328125 0.23564814814814813 0.0375 0.01574074074074074