3 0.8065104166666667 0.19444444444444445 0.03177083333333333 0.020370370370370372
3 0.771875 0.10972222222222222 0.04895833333333333 0.07314814814814814
3 0.41302083333333334 0.2722222222222222 0.03958333333333333 0.022222222222222223
3 0.38203125 0.18425925925925926 0.04114583333333333 0.040740740740740744
3 0.23541666666666666 0.006944444444444444 0.115625 0.012037037037037037
3 0.03333333333333333 0.20185185185185187 0.057291666666666664 0.022222222222222223
3 0.234375 0.3111111111111111 0.029166666666666667 0.018518518518518517
3 0.21354166666666666 0.2361111111111111 0.030208333333333334 0.025925925925925925
3 0.146875 0.3365740740740741 0.023958333333333335 0.012037037037037037
3 0.12994791666666666 0.2625 0.025520833333333333 0.026851851851851852
3 0.075 0.27870370370370373 0.01875 0.022222222222222223
3 0.09114583333333333 0.3509259259259259 0.025 0.018518518518518517
3 0.05364583333333333 0.362962962962963 0.020833333333333332 0.016666666666666666
3 0.03854166666666667 0.2967592592592593 0.017708333333333333 0.025
3 0.016666666666666666 0.29907407407407405 0.017708333333333333 0.018518518518518517